zero:
  ==: org.bukkit.Location
  world: world
  x: 0.5
  y: 121.0
  z: 0.5
  yaw: -89.49560546875
  pitch: 7.014222145080566